1
12
123
1234
2345
3456
4567
5678
6789
7890
4321
5432
6543
7654
8765
9876
0987
1111
2222
3333
4444
5555
6666
7777
8888
9999
0000
1122
1133
1144
1155
1166
1177
1188
1199
1100
2211
2233
2244
2255
2266
2277
2288
2299
2200
3311
3322
3344
3355
3366
3377
3388
3399
3300
4411
4422
4433
4455
4466
4477
4488
4499
4400
5511
5522
5533
5544
5566
5577
5588
5599
5500
6611
6622
6633
6644
6655
6677
6688
6699
6600
7711
7722
7733
7744
7755
7766
7788
7799
7700
8811
8822
8833
8844
8855
8866
8877
8899
8800
9911
9922
9933
9944
9955
9966
9977
9988
9900
0011
0022
0033
0044
0055
0066
0077
0088
0099
1950
1951
1952
1953
1954
1955
1956
1957
1958
1959
1960
1961
1962
1963
1964
1965
1966
1967
1968
1969
1970
1971
1972
1973
1974
1975
1976
1977
1978
1979
1980
1981
1982
1983
1984
1985
1986
1987
1988
1989
1990
1991
1992
1993
1994
1995
1996
1997
1998
1999
2000
2001
2002
2003
2004
2005
2006
2007
2008
2009
2010
2011
2012
2013
2014
2015
2016
2017
2018
2019
2020
1212
1313
1414
1515
1616
1717
1818
1919
1010
2121
2323
2424
2525
2626
2727
2828
2929
3131
3232
3434
3535
3636
3737
3838
3939
3030
4141
4242
4343
4545
4646
4747
4848
4949
4040
5151
5252
5353
5454
5656
5757
5858
5959
5050
6161
6262
6363
6464
6565
6767
6868
6969
6060
7171
7272
7373
7474
7575
7676
7878
7979
7070
8181
8282
8383
8484
8585
8686
8787
8989
8080
9191
9292
9393
9494
9595
9696
9797
9898
9090
0101
0202
0303
0404
0505
0606
0707
0808
0909
1357
3579
7531
9753
2468
4680
0864
8642
2314
3241
3425
4352
4536
5463
5647
6574
6758
7685
7869
8796
8970
1243
2134
2354
3245
3465
4356
4576
5467
5687
6578
6798
7689
7809
8790
9807
1020
1030
1040
1050
1060
1070
1080
1090
2010
2030
2040
2050
2060
2070
2080
2090
3010
3020
3040
3050
3060
3070
3080
3090
4010
4020
4030
4050
4060
4070
4080
4090
5010
5020
5030
5040
5060
5070
5080
5090
6010
6020
6030
6040
6050
6070
6080
6090
7010
7020
7030
7040
7050
7060
7080
7090
8010
8020
8030
8040
8050
8060
8070
8090
9010
9020
9030
9040
9050
9060
9070
9080
9001
9002
9003
9004
9005
9006
9007
9008
9009
9010
9011
9012
9101
9102
9103
9104
9105
9106
9107
9108
9109
9110
9111
9112
9201
9202
9203
9204
9205
9206
9207
9208
9209
9210
9211
9212
9301
9302
9303
9304
9305
9306
9307
9308
9309
9310
9311
9312
9401
9402
9403
9404
9405
9406
9407
9408
9409
9410
9411
9412
9501
9502
9503
9504
9505
9506
9507
9508
9509
9510
9511
9512
9601
9602
9603
9604
9605
9606
9607
9608
9609
9610
9611
9612
9701
9702
9703
9704
9705
9706
9707
9708
9709
9710
9711
9712
9801
9802
9803
9804
9805
9806
9808
9809
9810
9811
9812
9901
9902
9903
9904
9905
9906
9907
9908
9909
9910
9912
0102
0103
0104
0105
0106
0107
0108
0109
0110
0111
0112
0201
0203
0204
0205
0206
0207
0208
0209
0210
0211
0212
0301
0302
0304
0305
0306
0307
0308
0309
0310
0311
0312
0401
0402
0403
0405
0406
0407
0408
0409
0410
0411
0412
0501
0502
0503
0504
0506
0507
0508
0509
0510
0511
0512
0601
0602
0603
0604
0605
0607
0608
0609
0610
0611
0612
0701
0702
0703
0704
0705
0706
0708
0709
0710
0711
0712
0801
0802
0803
0804
0805
0806
0807
0809
0810
0811
0812
0901
0902
0903
0904
0905
0906
0907
0908
0910
0911
0912
1001
1002
1003
1004
1005
1006
1007
1008
1009
1011
1012
1101
1102
1103
1104
1105
1106
1107
1108
1109
1110
1112
1201
1202
1203
1204
1205
1206
1207
1208
1209
1210
1211
1301
1302
1303
1304
1305
1306
1307
1308
1309
1310
1311
1312
1401
1402
1403
1404
1405
1406
1407
1408
1409
1410
1411
1412
1501
1502
1503
1504
1505
1506
1507
1508
1509
1510
1511
1512
1601
1602
1603
1604
1605
1606
1607
1608
1609
1610
1611
1612
1701
1702
1703
1704
1705
1706
1707
1708
1709
1710
1711
1712
1801
1802
1803
1804
1805
1806
1807
1808
1809
1810
1811
1812
1901
1902
1903
1904
1905
1906
1907
1908
1909
1910
1911
1912
8001
8002
8003
8004
8005
8006
8007
8008
8009
8010
8011
8012
8101
8102
8103
8104
8105
8106
8107
8108
8109
8110
8111
8112
8201
8202
8203
8204
8205
8206
8207
8208
8209
8210
8211
8212
8301
8302
8303
8304
8305
8306
8307
8308
8309
8310
8311
8312
8401
8402
8403
8404
8405
8406
8407
8408
8409
8410
8411
8412
8501
8502
8503
8504
8505
8506
8507
8508
8509
8510
8511
8512
8601
8602
8603
8604
8605
8606
8607
8608
8609
8610
8611
8612
8701
8702
8703
8704
8705
8706
8707
8708
8709
8710
8711
8712
8801
8802
8803
8804
8805
8806
8807
8808
8809
8810
8812
8901
8902
8903
8904
8905
8906
8907
8908
8909
8910
8911
8912
7001
7002
7003
7004
7005
7006
7007
7008
7009
7010
7011
7012
7101
7102
7103
7104
7105
7106
7107
7108
7109
7110
7111
7112
7201
7202
7203
7204
7205
7206
7207
7208
7209
7210
7211
7212
7301
7302
7303
7304
7305
7306
7307
7308
7309
7310
7311
7312
7401
7402
7403
7404
7405
7406
7407
7408
7409
7410
7411
7412
7501
7502
7503
7504
7505
7506
7507
7508
7509
7510
7511
7512
7601
7602
7603
7604
7605
7606
7607
7608
7609
7610
7611
7612
7701
7702
7703
7704
7705
7706
7707
7708
7709
7710
7712
7801
7802
7803
7804
7805
7806
7807
7808
7810
7811
7812
7901
7902
7903
7904
7905
7906
7907
7908
7909
7910
7911
7912