
0
1
2
3
4
5
6
7
8
9
12
123
1234
12345
123456
1234567
12345678
123456789
1234567890
!@#
123!@#
!@#$
1234!@#$
!
!!
!!!
!!!!
!!!!!
!!!!!!
!!!!!!!
@
@@
098
0987
09876
098765
0987654
09876543
098765432
0987654321
234
2345
345
3456
456
4567
567
5678
678
6789
789
7890
890
321
4321
432
5432
543
6543
654
7654
765
8765
876
9876
987
00
11
22
33
44
55
66
77
88
99
23
34
45
56
67
78
89
90
21
32
43
54
65
76
87
98
09
000
111
222
333
444
555
666
777
888
999
0000
1111
2222
3333
4444
5555
6666
7777
8888
9999
00000
11111
22222
33333
44444
55555
66666
77777
88888
99999
000000
111111
222222
333333
444444
555555
666666
777777
888888
999999
1122
112233
1133
1144
1155
1166
1177
1188
1199
1100
2211
2233
223344
2244
2255
2266
2277
2288
2299
2200
3311
3322
3344
334455
3355
3366
3377
3388
3399
3300
4411
4422
4433
4455
445566
4466
4477
4488
4499
4400
5511
5522
5533
5544
5566
556677
5577
5588
5599
5500
6611
6622
6633
6644
6655
6677
667788
6688
6699
6600
7711
7722
7733
7744
7755
7766
7788
778899
7799
7700
8811
8822
8833
8844
8855
8866
8877
8899
889900
8800
9911
9922
9933
9944
9955
9966
9977
9988
9900
0011
0022
0033
0044
0055
0066
0077
0088
0099
1950
1951
1952
1953
1954
1955
1956
1957
1958
1959
1960
1961
1962
1963
1964
1965
1966
1967
1968
1969
1970
1971
1972
1973
1974
1975
1976
1977
1978
1979
1980
1981
1982
1983
1984
1985
1986
1987
1988
1989
1990
1991
1992
1993
1994
1995
1996
1997
1998
1999
2000
2001
2002
2003
2004
2005
2006
2007
2008
2009
2010
2011
2012
2013
2014
2015
2016
2017
2018
2019
2020
1212
1313
1414
1515
1616
1717
1818
1919
1010
2121
2323
2424
2525
2626
2727
2828
2929
3131
3232
3434
3535
3636
3737
3838
3939
3030
4141
4242
4343
4545
4646
4747
4848
4949
4040
5151
5252
5353
5454
5656
5757
5858
5959
5050
6161
6262
6363
6464
6565
6767
6868
6969
6060
7171
7272
7373
7474
7575
7676
7878
7979
7070
8181
8282
8383
8484
8585
8686
8787
8989
8080
9191
9292
9393
9494
9595
9696
9797
9898
9090
0101
0202
0303
0404
0505
0606
0707
0808
0909
1357
3579
7531
9753
2468
4680
0864
8642
2314
3241
3425
4352
4536
5463
5647
6574
6758
7685
7869
8796
8970
1243
2134
2354
3245
3465
4356
4576
5467
5687
6578
6798
7689
7809
8790
9807
1020
1030
1040
1050
1060
1070
1080
1090
2030
2040
2050
2060
2070
2080
2090
3010
3020
3040
3050
3060
3070
3080
3090
4010
4020
4030
4050
4060
4070
4080
4090
5010
5020
5030
5040
5060
5070
5080
5090
6010
6020
6030
6040
6050
6070
6080
6090
7010
7020
7030
7040
7050
7060
7080
7090
8010
8020
8030
8040
8050
8060
8070
8090
9010
9020
9030
9040
9050
9060
9070
9080
10
13
14
15
16
17
18
19
20
24
25
26
27
28
29
30
31
35
36
37
38
39
40
41
42
46
47
48
49
50
51
52
53
57
58
59
60
61
62
63
64
68
69
70
71
72
73
74
75
79
80
81
82
83
84
85
86
91
92
93
94
95
96
97